942942
943943
944944
945945
946946
947947
948948
949949
950950
951951
952952
953953
954954
955955
956956
957957
958958
959959
960960
961961
962962
963963
964964
965965
966966
967967
968968
969969
970970
971971
972972
973973
974974
975975
976976
977977
978978
979979
980980
981981
982982
983983
984984
985985
986986
987987
988988
989989
990990
7272
7373
7474
7575
7676
7777
7878
7979
8080
8181
8282
8383
8484
8585
8686
8787
8888
8989
9090
9191
9292
9393
1010
1111
581581
582582
583583
584584
585585
586586
587587
588588
589589
590590
591591
592592
593593
594594
595595
596596
597597
598598
599599
600600
601601
602602
603603
604604
605605
606606
607607
608608
609609
610610
611611
612612
613613
614614
615615
616616
617617
618618
619619
620620
621621
622622
623623
624624
625625
626626
627627
628628
629629
630630
631631
632632
633633
634634
635635
636636
637637
638638
639639
640640
641641
642642
643643
644644
645645
646646
647647
2828
2929
3030
3131
3232
3333
3434
3535
3636
3737
3838
39333933
39343934
39353935
39363936
39373937
39383938
39393939
39403940
39413941
39423942
39433943
39443944
39453945
431431
432432
433433
434434
435435
436436
437437
438438
439439
440440
441441
442442
443443
444444
445445
446446
447447
448448
449449
450450
451451
452452
453453
1212
1313
1414
1515
1616
1717
220220
221221
222222
223223
224224
225225
226226
227227
228228
229229
230230
231231
232232
233233
234234
235235
236236
237237
238238
239239
240240
241241
242242
243243
1976019760
1976119761
74707470
74717471
74727472
74737473
74747474
74757475
74767476
74777477
3939
4040
4141
4242
4343
4444
4545
4646
4747
4848
4949
5050
5151
5252
5353
5454
5555
5656
665665
666666
667667
668668
669669
670670
671671
672672
673673
674674
675675
676676
677677
678678
679679
680680
681681
682682
683683
684684
685685
686686
687687
688688
689689
690690
691691
692692
693693
694694
695695
696696
697697
698698
699699
700700
701701
702702
703703
704704
705705
706706
707707
708708
709709
710710
711711
712712
713713
714714
715715
716716
717717
718718
719719
720720
721721
722722
723723
724724
725725
726726
727727
728728
729729
730730
731731
732732
733733
734734
735735
736736
737737
738738
739739
69386938
69396939
69406940
69416941
69426942
69436943
69446944
69456945
69466946
69476947
69486948
33
44
7996579965
55
131131
132132
133133
134134
135135
136136
137137
138138
139139
140140
141141
142142
143143
144144
145145
146146
147147
148148
149149
150150
151151
152152
153153
154154
155155
156156
157157
158158
159159
160160
161161
162162
163163
164164
165165
166166
167167
168168
169169
170170
171171
172172
173173
174174
175175
176176
177177
245245
246246
247247
248248
249249
250250
251251
252252
253253
254254
255255
256256
257257
258258
259259
260260
261261
262262
263263
264264
265265
266266
267267
268268
269269
270270
271271
272272
273273
274274
275275
276276
277277
278278
279279
280280
281281
282282
283283
284284
285285
286286
287287
288288
289289
290290
291291
292292
293293
294294
295295
296296
297297
298298
299299
300300
301301
302302
303303
304304
305305
306306
307307
308308
309309
310310
311311
312312
313313
314314
315315
316316
317317
318318
319319
320320
321321
322322
323323
324324
325325
326326
327327
328328
329329
330330
331331
332332
333333
334334
335335
336336
337337
338338
339339
340340
341341
342342
343343
344344
345345
346346
347347
348348
349349
350350
351351
352352
353353
354354
355355
356356
357357
358358
359359
77
